0.4 0.99559 2.2094
0.405 0.99457 2.2424
0.41 0.99399 2.2745
0.415 0.99411 2.3075
0.42 0.99504 2.3399
0.425 0.99688 2.3713
0.43 0.9989 2.4027
0.435 1.0013 2.4328
0.44 1.0043 2.4637
0.445 1.0071 2.4937
0.45 1.0108 2.5235
0.455 1.0099 2.545
0.46 1.0089 2.5678
0.465 1.0087 2.59
0.47 1.0085 2.6107
0.475 1.0092 2.6306
0.48 1.01 2.6516
0.485 1.0113 2.6691
0.49 1.0123 2.6858
0.495 1.014 2.7
0.5 1.0149 2.712
0.505 1.0119 2.7189
0.51 1.007 2.7237
0.515 1.0008 2.7254
0.52 0.99187 2.7247
0.525 0.97945 2.7206
0.53 0.96325 2.7146
0.535 0.94137 2.7043
0.54 0.91221 2.6924
0.545 0.87374 2.6789
0.55 0.82447 2.6662
0.555 0.75999 2.6565
0.56 0.68285 2.6561
0.565 0.5953 2.6715
0.57 0.50385 2.7054
0.575 0.41583 2.7596
0.58 0.33956 2.8295
0.585 0.27692 2.9099
0.59 0.22809 2.995
0.595 0.19172 3.0797
0.6 0.16532 3.1625
0.605 0.14621 3.2389
0.61 0.13236 3.3125
0.615 0.12224 3.3818
0.62 0.11659 3.4478
0.625 0.11146 3.5096
0.63 0.10773 3.5699
0.635 0.10461 3.6268
0.64 0.10266 3.6819
0.645 0.10096 3.7365
0.65 0.099955 3.7883
0.655 0.099042 3.8404
0.66 0.09792 3.8923
0.665 0.097346 3.9423
0.67 0.097018 3.9921
0.675 0.096408 4.0391
0.68 0.096279 4.0866
0.685 0.096332 4.1333
0.69 0.096227 4.1802
0.695 0.096384 4.2249
0.7 0.096534 4.27
0.705 0.096758 4.3148
0.71 0.096944 4.3585
0.715 0.097225 4.4016
0.72 0.098053 4.446
0.725 0.0981 4.4892
0.73 0.098347 4.5326
0.735 0.098634 4.5732
0.74 0.098726 4.6158
0.745 0.099146 4.6567
0.75 0.099951 4.6981
0.755 0.099734 4.7386
0.76 0.10025 4.7805
0.765 0.10155 4.8215
0.77 0.10138 4.8614
0.775 0.10238 4.9015
0.78 0.103 4.9426
0.785 0.10316 4.9827
0.79 0.10389 5.0219
0.795 0.10452 5.0614
0.8 0.10378 5.099
0.805 0.10473 5.1392
0.81 0.10503 5.1792
0.815 0.10589 5.2198
0.82 0.10725 5.264
0.825 0.10713 5.2972
0.83 0.10894 5.3386
0.835 0.10985 5.3809
0.84 0.11059 5.42
0.845 0.1112 5.4573
0.85 0.11235 5.4978
0.855 0.11299 5.5405
0.86 0.11421 5.5761
0.865 0.11498 5.6141
0.87 0.11573 5.652
0.875 0.11709 5.6908
0.88 0.11725 5.7309
0.885 0.11798 5.7658
0.89 0.11977 5.8031
0.895 0.12035 5.8436
0.9 0.12214 5.8817
0.905 0.12279 5.9212
0.91 0.12266 5.9608
0.915 0.1247 5.9997
0.92 0.125 6.0338
0.925 0.12517 6.0729
0.93 0.12631 6.1114
0.935 0.1274 6.1514
0.94 0.12815 6.1879
0.945 0.12892 6.225
0.95 0.13 6.263
0.955 0.13018 6.3015
0.96 0.13131 6.3414
0.965 0.13228 6.3837
0.97 0.1339 6.4202
0.975 0.1347 6.4577
0.98 0.13401 6.4951
0.985 0.13503 6.5315
0.99 0.135 6.5717
0.995 0.13629 6.6083
1 0.13633 6.6427
1.005 0.13659 6.6835
1.01 0.13829 6.7189
1.015 0.14077 6.7575
1.02 0.1413 6.7994
1.025 0.14953 6.826
1.03 0.15088 6.8639
1.035 0.15306 6.9008
1.04 0.15259 6.9363
1.045 0.1561 6.9744
1.05 0.15582 7.0129
1.055 0.15639 7.051
1.06 0.15815 7.0851
1.065 0.15818 7.1193
1.07 0.16328 7.1621
1.075 0.16346 7.2035
1.08 0.16626 7.2375
1.085 0.1631 7.2709
1.09 0.16566 7.3095
1.095 0.16724 7.3494
1.1 0.17045 7.3864
1.105 0.16988 7.4193
1.11 0.17238 7.4624
1.115 0.17307 7.501
1.12 0.176 7.5366
1.125 0.17728 7.5739
1.13 0.17506 7.6045
1.135 0.17904 7.6472
1.14 0.17908 7.6773
1.145 0.18169 7.7206
1.15 0.18646 7.7634
1.155 0.18679 7.7996
1.16 0.18836 7.8359
1.165 0.18889 7.8632
1.17 0.19319 7.9166
1.175 0.19546 7.9534
1.18 0.19698 7.9893
1.185 0.19911 8.0278
1.19 0.20154 8.0649
1.195 0.20217 8.1016
1.2 0.20363 8.1258
1.205 0.20776 8.1743
1.21 0.20892 8.2097
1.215 0.21107 8.2488
1.22 0.21455 8.2872
1.225 0.21723 8.3245
1.23 0.21825 8.3577
1.235 0.21592 8.4001
1.24 0.21396 8.4154
1.245 0.22168 8.4689
1.25 0.2233 8.5109
1.255 0.2291 8.5432
1.26 0.22951 8.5832
1.265 0.23306 8.6188
1.27 0.23434 8.6519
1.275 0.23649 8.6927
1.28 0.24094 8.7309
1.285 0.24262 8.7657
1.29 0.24355 8.8001
1.295 0.24312 8.8395
1.3 0.24589 8.8734
1.305 0.24471 8.8876
1.31 0.25163 8.9501
1.315 0.25246 8.975
1.32 0.25508 9.0109
1.325 0.25942 9.047
1.33 0.25953 9.0819
1.335 0.26359 9.1244
1.34 0.26661 9.1565
1.345 0.26634 9.1925
1.35 0.2718 9.23
1.355 0.2702 9.2705
1.36 0.27434 9.3041
1.365 0.28411 9.3473
1.37 0.27784 9.3775
1.375 0.28549 9.411
1.38 0.27979 9.4346
1.385 0.28547 9.4931
1.39 0.29175 9.5296
1.395 0.29069 9.5615
1.4 0.29333 9.5954
1.405 0.29475 9.6422
1.41 0.29745 9.6752
1.415 0.30204 9.7122
1.42 0.30478 9.7507
1.425 0.30143 9.7786
1.43 0.3055 9.8188
1.435 0.3129 9.8568
1.44 0.31481 9.8909
1.445 0.31757 9.9292
1.45 0.32209 9.9694
1.455 0.32246 10.004
1.46 0.32646 10.04
1.465 0.32551 10.077
1.47 0.32524 10.119
1.475 0.33026 10.148
1.48 0.3336 10.178
1.485 0.33427 10.22
1.49 0.33496 10.268
1.495 0.33901 10.301
1.5 0.34085 10.336
1.505 0.34325 10.372
1.51 0.34545 10.409
1.515 0.35145 10.443
1.52 0.35362 10.48
1.525 0.35954 10.523
1.53 0.35855 10.561
1.535 0.3596 10.588
1.54 0.35876 10.633
1.545 0.36966 10.668
1.55 0.37106 10.709
1.555 0.36247 10.742
1.56 0.3677 10.775
1.565 0.37462 10.822
1.57 0.375 10.856
1.575 0.37828 10.886
1.58 0.38021 10.932
1.585 0.38403 10.971
1.59 0.38719 11.003
1.595 0.38534 11.041
1.6 0.38957 11.079
1.605 0.39174 11.109
1.61 0.38931 11.153
1.615 0.39392 11.183
1.62 0.39624 11.22
1.625 0.39261 11.261
1.63 0.39428 11.287
1.635 0.39874 11.335
1.64 0.40147 11.368
1.645 0.40341 11.406
1.65 0.40243 11.439
1.655 0.40877 11.478
1.66 0.413 11.515
1.665 0.41532 11.548
1.67 0.41703 11.586
1.675 0.42438 11.627
1.68 0.41712 11.653
1.685 0.42154 11.694
1.69 0.42045 11.731
1.695 0.42137 11.769
1.7 0.42842 11.809
1.705 0.42685 11.838
1.71 0.43185 11.876
1.715 0.43557 11.906
1.72 0.43611 11.938
1.725 0.43577 11.979
1.73 0.4377 12.017
1.735 0.44019 12.052
1.74 0.44284 12.085
1.745 0.44118 12.13
1.75 0.44204 12.167
1.755 0.4435 12.191
1.76 0.44458 12.24
1.765 0.45368 12.253
1.77 0.45188 12.302
1.775 0.452 12.338
1.78 0.45142 12.373
1.785 0.46145 12.394
1.79 0.45744 12.447
1.795 0.46038 12.49
1.8 0.46244 12.527
1.805 0.46299 12.557
1.81 0.46609 12.586
1.815 0.46766 12.633
1.82 0.47583 12.665
1.825 0.47645 12.706
1.83 0.47665 12.74
1.835 0.47813 12.772
1.84 0.47761 12.811
1.845 0.48159 12.843
1.85 0.47918 12.883
1.855 0.47428 12.914
1.86 0.47776 12.958
1.865 0.48726 12.994
1.87 0.48846 13.027
1.875 0.4874 13.077
1.88 0.4993 13.099
1.885 0.50399 13.138
1.89 0.50407 13.177
1.895 0.50227 13.219
1.9 0.50393 13.262
1.905 0.50795 13.297
1.91 0.51506 13.329
1.915 0.51128 13.367
1.92 0.5 13.366
1.925 0.52132 13.427
1.93 0.51407 13.439
1.935 0.51555 13.462
1.94 0.5283 13.54
1.945 0.52561 13.557
1.95 0.52235 13.607
1.955 0.53323 13.652
1.96 0.53884 13.691
1.965 0.53332 13.727
1.97 0.54364 13.758
1.975 0.54012 13.798
1.98 0.54498 13.833
1.985 0.54963 13.872
1.99 0.55085 13.916
1.995 0.55353 13.943
2 0.55164 13.98
